10	11	12	1	2	3	4	5	6	7	8	9
440	1140	13800	17600	104000	69500	83900	97200	32700	4220	750	240
1130	12000	104000	76200	45200	39500	98800	40500	15600	3950	730	810
2210	2010	3250	4880	11200	5160	8390	3030	260	10	0	0
870	5290	15100	13800	136000	44500	99400	47500	14900	2470	600	580
1380	2070	3950	4160	51600	22600	48400	11600	1730	230	10	40
580	14500	14200	34100	133000	71300	122000	42200	16600	2770	640	420
1250	8450	13300	12200	25400	146000	80300	22100	4500	1290	360	270
560	2220	4520	7190	18800	20400	29500	20700	9820	1460	120	50
250	470	5720	20200	19000	57100	35200	20100	5810	860	140	200
540	2210	1560	5880	11200	12200	7260	3720	1230	90	0	0
130	1550	31900	28200	90900	46700	43200	51100	17400	2530	440	110
300	620	1880	5340	6550	18900	23700	34100	19500	2030	170	20
670	1580	17800	31300	30700	22600	10400	4510	2620	320	0	0
270	4370	5760	33180	24100	43710	174300	61170	18370	3320	620	140
1160	1950	2770	58380	233800	73510	86360	39200	20760	3560	780	430
590	1050	3190	9580	92330	114300	91000	67230	16020	3260	670	260
1080	3150	30280	19040	149000	200700	124600	105500	38920	7730	2230	1050
2800	4160	4840	6460	11470	27170	24000	8620	2320	310	10	50
1510	1380	2280	76650	129600	159500	93750	28380	6890	1660	110	100
690	2160	27700	49740	79890	83630	80780	55640	16560	3410	860	510
1120	3210	23640	109800	106400	46800	85300	85550	36560	8280	2360	1230
1650	20560	38030	137800	81720	248800	73990	34200	15430	5020	1820	960
2020	3050	4620	10650	34070	47470	32800	38590	12040	2150	330	100
390	22900	18490	15160	120200	56030	59210	40030	20380	3080	570	160
2530	14500	108300	56040	28140	64990	64940	36940	10670	2510	510	240
1640	10300	12090	8080	22790	43200	32170	10760	3330	390	70	10
2560	3590	3010	8860	9370	33190	96060	75760	30300	5060	920	310
710	2480	6130	8170	16790	84320	63100	42440	10960	1690	380	270
620	2890	2890	40450	69200	56850	92000	47430	15020	2810	650	550
3560	148400	181100	134400	86410	95230	47110	47190	11710	4300	1770	1210
4140	9760	58950	140900	117200	131100	140700	116500	43470	12620	3890	2550
2370	4240	14690	58420	19470	32380	49420	44030	30340	6550	1680	830
1730	4420	6050	15560	34830	65820	65080	25480	7140	1890	590	460
720	2730	19630	43170	23800	27230	33050	39730	10350	1970	200	160
410	2600	210500	201600	66690	53450	48240	76040	21160	5300	2030	1380
2900	3800	4710	8010	38260	86590	32900	49730	15410	2810	1050	600
1910	3400	8030	26340	111860	152070	225110	92050	35840	7770	2760	1520
1750	2690	3190	16260	40860	26250	20380	9380	2250	1620	1200	740
480	600	1540	7310	46870	51270	30440	18750	3700	2170	1260	290
520	2810	4410	2670	6990	13360	12680	12680	3710	2220	870	230
390	930	2790	2790	78880	48950	63340	28780	11100	2180	710	310
21560	2960	12100	20200	125080	43350	133180	83780	21140	5620	2030	1240
2280	16380	8590	27870	13950	16530	27000	29140	9110	2760	1910	610
870	6990	222010	175800	53830	39440	99980	47960	20560	5270	2690	1380
1710	10680	20340	24220	26270	35640	39410	13080	3560	3350	2960	0
410	5010	41180	83800	54260	103770	128270	131890	56710	14430	3810	2310
2880	3940	8810	18830	55220	44980	28020	14100	4730	3390	2300	480
860	6620	16900	233720	126110	85640	117400	82020	26420	6390	2470	1590
3270	5050	31300	212290	65510	77910	27880	26020	10230	3560	1920	1180
1540	18740	71610	75410	32390	62910	54870	43630	19790	5340	1610	1020
1820	4550	25350	15660	32840	49560	37440	23080	6700	3490	2200	1060
1800	7610	18090	125240	106890	90610	58870	46980	11630	3360	2110	1760
3060	30310	74540	115320	35140	131050	104130	51080	15970	8920	2780	1420
2270	4300	6830	13230	59010	104700	71420	85000	30850	7080	3420	1800
5280	6570	6320	5120	7130	11680	11140	7590	2060	430	1250	910
870	1280	1170	2420	2730	3350	2740	3960	1130	130	70	220
140	1230	16110	108770	63030	107100	110490	56580	21550	4850	1400	2300
0	2110	4090	32030	58390	92680	71470	71140	9380	350	0	0
1230	5330	11710	210940	193520	103230	52790	40710	15280	4350	0	0
0	1690	4270	16440	13270	51820	27990	13830	0	0	0	0
1680	38880	88160	145060	167480	189800	238500	87500	23740	8230	3350	4370
12250	50270	149010	145630	193840	328760	134680	138410	66540	23210	6610	4080
3750	102690	200530	67580	58210	67020	39340	26300	11280	3160	1600	10
2570	20270	16170	10000	27430	36790	42670	14370	3890	430	0	1700
760	7590	20230	48110	350360	198510	46160	24540	8650	3010	1110	1110
960	1170	2440	4410	14080	22370	7180	4410	1720	1500	1490	0
0	1400	2214	14810	6910	10836	10564	7560	5220	2621	2170	560
0	3040	3810	6750	11930	105688	38592	14530	4770	1320	1091	910
3420	4480	3470	9150	12850	33270	19280	8940	9300	2640	196	0
0	734	594	461	1837	49758	32379	24258	9810	1733	41	0
0	1299	2074	3619	39851	41013	19233	4086	1614	2136	1139	0
0	271	13568	129415	102027	145890	100249	47535	22620	125	0	0
0	218	4689	4551	15619	16436	10655	10544	2530	890	1044	88
0	4342	16006	197309	57912	275406	121168	145409	51741	15666	4844	1455
0	654	10180	52820	125063	110547	66111	62503	18564	7623	3718	1656
0	14675	171132	424278	72642	31588	24930	14558	7285	3437	2041	350
1539	4514	9305	104352	216808	145193	119188	112020	69285	18895	6730	4570
3864	7190	14478	57018	159047	86144	68824	46324	19131	5559	4156	1993
654	3818	4384	51640	152050	76504	39921	32988	10051	5124	3014	2606
3123	3478	4578	8529	20793	32023	32237	19600	3430	1428	839	723
924	4234	20705	36663	35319	58758	36588	21663	7171	2043	1039	861
902	4193	17144	20076	16940	24923	68459	68270	14468	3502	1664	777
757	2231	14474	19922	46946	51921	25383	12417	3439	1640	779	909
3749	4984	18646	77586	53874	123645	84874	98487	32661	8486	3211	2077
2234	3075	94946	114643	62240	158732	313221	98042	26006	8315	4220	3020
3914	5442	9169	10677	38795	40405	24013	15652	4375	1867	1019	927
2019	2069	4252	21541	26838	26754	22922	18227	4949	1430	1981	2169
1303	2596	3471	10699	33250	76134	32912	47975	6161	1917	877	591
1997	1613	6026	23252	29101	45487	64382	65790	38857	5625	1787	1222
5401	10977	121570	61370	55721	235789	129814	81157	57215	17307	4653	2764
3478	4189	3704	9762	6367	53442	74557	24098	6146	2880	1275	1154
1531	5415	69038	21192	15110	21352	20164	6774	2845	1201	640	664
